00001111110000010000010000010111
00000000000000000000000000110011
00000000000000000000000000110011
00000000000001000000010000010011
00000000100011000000110000010011
00000000000000000000000000110011
00000000000000000000001010010011
00000000000000000000000000110011
00000000000000000000000000110011
00000001100000101000110001100011
00000000001000101001001100010011
00000000000000000000000000110011
00000000000000000000000000110011
00000000100000110000001100110011
00000000000000000000000000110011
00000000000000000000000000110011
00000000010100110010000000100011
00000000000000000000000000110011
00000000000100101000001010010011
11111110110111111111000001101111
00000000000000000000000000110011
00000000000000000000000000110011
00000000101000000000100010010011
00000000000000000000000001110011
